11000001
11010000
11001101
10000101
10110000
10000000
01000011
01001101
01011111
11000001
01100100
10000010
00110100
11110010
10101010
10111101
00110000
00001111
10010010
00111101
01101010
01001001
10000001
11001001
10100010
00101001
00111100
01011100
00110101
01110010
00000010
11100010
10100111
01111001
10111101
00010000
11110100
10011111
01010100
11000111
10000110
01110101
10010001
10101001
00110101
10000110
10001110
10110010
10110011
00000111
00011010
11111010
01010011
01111110
10000000
10000100
01101000
11010101
10110110
00110100
11011110
11100011
10111110
01101010
00101001
11101111
10000001
00111011
11010001
11111001
00110010
10100110
01000111
00010100
10111100
11010000
11000111
00011000
11001111
00000110
00011011
01101101
11001000
10011011
11010110
11000111
11011100
10110111
10011010
01111111
11111001
11100001
00111001
00100111
00111111
11001111
10100011
11110111
00110011
11100011
00100011
10111011
01111111
00000110
11010001
10101101
11011100
00111111
11000110
00100111
01100000
00101010
11101000
01011111
10000100
01010011
11001100
10100111
00111110
01000101
10000000
00110111
00100110
01101000
01010000
00101101
01111000
10000111
10101101
10101101
10100110
11111111
00101110
01110111
10000000
01101100
01101100
00111011
00000111
10010011
10100101
11110110
01101101
11000000
10000000
10001001
00000010
11110000
10000000
01010001
01000100
01101110
10001111
00010111
11110100
00011100
10010011
01011110
01010010
01111100
01100000
10100010
00101011
01110001
11011110
10110010
11011011
10111000
11110110
01111110
00010001
10001001
00100010
00110000
01000110
00100000
10011101
11001001
01011000
11001000
10111111
10110101
10001001
10011010
11110111
00000101
00011000
10110010
01100001
10111101
10000110
10011111
11111000
01001000
00000101
00110100
11000100
01001010
10011001
00010000
00001000
01111000
01110011
00101101
11100101
01010010
01011101
00010001
10001010
11111100
00010100
11010001
00001011
10111110
11001110
00001000
00000111
01011101
11100111
11010011
01111101
11110110
10011000
00001011
00100100
00010010
11110010
11110001
10111110
11111010
10101111
00100010
10111111
11100111
10000011
00101111
11111110
11101010
10000001
01100011
01101111
01011101
11001110
10010100
11001011
00001111
11011101
10010010
01000110
11101000
01010001
11100001
10110101
01111010
01000111
00001101
